-0.12511739134788513
0.19047850370407104
0.10932734608650208
-0.02201513573527336
-0.09411925077438354
-0.02436715178191662
-0.04852503538131714
-0.05968653783202171
0.1967066526412964
0.005998955108225346
0.1388128101825714
0.03988799825310707
-0.20841793715953827
0.04524410888552666
-0.06877006590366364
0.07922673970460892
-0.1953040063381195
-0.06945474445819855
-0.140159010887146
-0.03058648109436035
0.0665995255112648
0.0773158147931099
0.028465114533901215
0.028572475537657738
-0.15831266343593597
-0.3898679316043854
-0.06327429413795471
-0.10518428683280945
0.07045215368270874
-0.12555798888206482
0.01707140915095806
-0.007149157579988241
-0.18681873381137848
-0.05470956861972809
0.0406503900885582
0.06914004683494568
0.04582768678665161
0.006842645816504955
0.15754790604114532
0.05574199929833412
-0.16607210040092468
0.11668743193149567
0.08120386302471161
0.29277709126472473
0.16660304367542267
0.07975981384515762
0.061853423714637756
-0.05399384722113609
0.11500361561775208
-0.241638645529747
0.07431723177433014
0.1309342086315155
0.0922403335571289
0.06690703332424164
0.14842739701271057
-0.18204541504383087
-0.00415455549955368
0.10928991436958313
-0.2303893119096756
0.20054782927036285
0.12315279245376587
-0.036500848829746246
-0.052425138652324677
0.029613325372338295
0.15934205055236816
0.12525279819965363
-0.12153720110654831
-0.18889640271663666
0.08874370902776718
-0.2028891146183014
-0.015085084363818169
0.0613466277718544
-0.06783244758844376
-0.10224436223506927
-0.279441773891449
0.04193813353776932
0.4694080352783203
0.12571263313293457
-0.2138301283121109
-0.036616332828998566
-0.14102455973625183
-0.03186945244669914
0.03499646112322807
0.024410272017121315
-0.10298822820186615
-0.038184478878974915
-0.10054197907447815
0.049906425178050995
0.20683704316616058
0.08679351210594177
-0.009066201746463776
0.24065512418746948
0.045381009578704834
-0.007088801357895136
-0.04643086716532707
0.042491085827350616
-0.21022315323352814
-0.054038096219301224
-0.09149808436632156
-0.025819499045610428
-0.021561890840530396
-0.06583491712808609
-0.01319265179336071
0.11388581246137619
-0.22704176604747772
0.12750184535980225
-0.02185405045747757
-0.05115755647420883
-0.0032955799251794815
0.13353441655635834
-0.14451220631599426
-0.050611089915037155
0.17025071382522583
-0.29070815443992615
0.25781869888305664
0.229537695646286
0.011662522330880165
0.06577543169260025
0.022219372913241386
0.02655494399368763
0.059185873717069626
0.0850987359881401
-0.06041485071182251
-0.1262541562318802
-0.04450400918722153
-0.10073905438184738
-0.004411163739860058
0.006474729627370834
