-0.11282487213611603
0.024233397096395493
0.0702463835477829
0.0014355031307786703
0.018029427155852318
-0.012489600107073784
-0.03190842270851135
-0.14422163367271423
0.18038508296012878
-0.12923571467399597
0.24200549721717834
0.02680274471640587
-0.19286400079727173
-0.1500226855278015
0.012062662281095982
0.12350663542747498
-0.1210993081331253
-0.13023994863033295
-0.10005654394626617
-0.07591303437948227
0.018452847376465797
0.026577133685350418
0.06714901328086853
-0.03923190385103226
-0.18413901329040527
-0.29452842473983765
-0.11075470596551895
-0.09017663449048996
0.022256821393966675
-0.06531287729740143
0.048467472195625305
0.04088207334280014
-0.27234697341918945
-0.06791035830974579
0.021764453500509262
0.10100051760673523
-0.023756004869937897
-0.014671766199171543
0.20151838660240173
0.09909821301698685
-0.18372130393981934
0.01974310912191868
-0.03608313202857971
0.2586640417575836
0.24814710021018982
-0.03802086040377617
-0.05007605254650116
-0.09497062116861343
0.15360374748706818
-0.1960245817899704
-0.007028050720691681
0.16383911669254303
0.1568131148815155
0.04875127971172333
0.07364587485790253
-0.03867800906300545
0.08106262981891632
0.1150357648730278
-0.2784579396247864
-0.032930679619312286
0.01881345547735691
-0.09961574524641037
-0.030690966174006462
0.015750600025057793
0.08690017461776733
0.1065809428691864
-0.07910673320293427
-0.13514718413352966
0.14981110394001007
-0.10426336526870728
0.028355788439512253
0.12898129224777222
-0.14288046956062317
-0.18452760577201843
-0.329185426235199
-0.026180144399404526
0.44443705677986145
0.07654055953025818
-0.1566459685564041
0.04378055781126022
-0.08473864942789078
-0.03665347397327423
0.04089740663766861
0.06381257623434067
-0.05198173224925995
0.00943327322602272
-0.013320323079824448
0.07623990625143051
0.11263908445835114
0.011982202529907227
-0.07230718433856964
0.15968479216098785
-0.06335986405611038
-0.00038176868110895157
0.06662458181381226
0.0351431667804718
-0.08520178496837616
-0.03556261584162712
-0.10059283673763275
-0.0950234904885292
-0.027934227138757706
-0.05520109087228775
0.07799489051103592
0.0665862113237381
-0.16954629123210907
0.1944265365600586
0.02688783034682274
-0.017918583005666733
0.011918893083930016
-0.025425663217902184
-0.028108762577176094
0.03567992150783539
0.09729287773370743
-0.2893844544887543
0.2089911550283432
0.13475826382637024
-0.11635365337133408
0.12264759838581085
0.022127937525510788
0.06748709082603455
-0.12734755873680115
0.026307299733161926
-0.11556775122880936
-0.09490283578634262
-0.038305483758449554
0.02528964728116989
0.14604608714580536
-0.048216696828603745
