-0.1455926150083542
0.09027475118637085
0.05798477306962013
-0.03328946977853775
-0.043102215975522995
-0.0549938827753067
0.011923287063837051
-0.03900033235549927
0.22070594131946564
-0.09129238873720169
0.22329844534397125
-0.02063651569187641
-0.19816331565380096
-0.06274373084306717
-0.10304491966962814
0.08865183591842651
-0.21149584650993347
-0.11969463527202606
-0.05733897536993027
-0.11224712431430817
0.12824232876300812
0.011814447119832039
0.04239815101027489
0.05380799248814583
-0.15752452611923218
-0.28975796699523926
-0.06289684772491455
-0.18751360476016998
0.07409563660621643
-0.14574238657951355
0.026205871254205704
0.03516833484172821
-0.19927449524402618
-0.1209750771522522
-0.009151977486908436
0.010937532410025597
-0.02089667320251465
-0.03782017529010773
0.22500208020210266
-0.06491591781377792
-0.12065337598323822
0.04828367754817009
0.007047474384307861
0.25937333703041077
0.09613574296236038
0.003999225329607725
0.03209376335144043
-0.13277612626552582
0.16440191864967346
-0.16664770245552063
0.008950700983405113
0.22606948018074036
0.09375607967376709
0.06967218220233917
0.11099294573068619
-0.11501467972993851
0.06569212675094604
0.14580543339252472
-0.17642097175121307
0.16563044488430023
0.07001687586307526
-0.021194860339164734
0.03737896680831909
0.004645600449293852
0.030412541702389717
-0.019760800525546074
-0.02994922362267971
-0.17620156705379486
0.16151310503482819
-0.11393935233354568
0.010492522269487381
0.14831848442554474
-0.12110239267349243
-0.2595514953136444
-0.16355037689208984
0.023263661190867424
0.3435124456882477
0.16271501779556274
-0.06602375954389572
0.09063557535409927
-0.11870389431715012
-0.0582602322101593
0.043269600719213486
-7.359706796705723e-05
-0.10707082599401474
0.005099071189761162
-0.10323917865753174
0.1271222084760666
0.1510520875453949
0.02303268387913704
-0.0270223505795002
0.21498215198516846
-0.009914904832839966
-0.01837010681629181
0.024235783144831657
0.022346969693899155
-0.15566840767860413
0.09295418858528137
-0.10282167047262192
0.032735250890254974
0.07309692353010178
-0.11684287339448929
-0.0017515853978693485
0.027740711346268654
-0.1462223380804062
0.05279817059636116
-0.06265592575073242
0.008091180585324764
-0.10434123873710632
0.028569309040904045
-0.15049229562282562
0.04738714545965195
0.1578163057565689
-0.21301330626010895
0.26607346534729004
0.19970214366912842
0.046707890927791595
0.12046219408512115
0.09004835784435272
-0.016613975167274475
0.03151693195104599
-0.07692771404981613
-0.1501173973083496
-0.06554315239191055
0.056221336126327515
-0.000305915717035532
0.05160333216190338
-0.01964903250336647
