-0.11177195608615875
0.06251019239425659
0.0444834865629673
-0.01184711791574955
0.009304564446210861
-0.03122338280081749
0.007831756956875324
-0.02250707894563675
0.1368049681186676
-0.07507409900426865
0.12507571280002594
0.04064038395881653
-0.25994494557380676
0.00036367191933095455
0.008293150924146175
0.10280529409646988
-0.13072511553764343
-0.0713823139667511
-0.19230437278747559
-0.07551900297403336
-0.037447359412908554
0.06810957938432693
0.06925226002931595
-0.09268493205308914
-0.020733706653118134
-0.3543033003807068
-0.07933840155601501
-0.03876485675573349
0.05752275139093399
-0.08110181987285614
0.045302703976631165
0.03270995616912842
-0.21116887032985687
-0.07135576009750366
0.006721886806190014
0.019398871809244156
-0.08077560365200043
-0.021546894684433937
0.21858249604701996
0.1197686567902565
-0.1896771788597107
0.08671028167009354
0.04011774808168411
0.27090364694595337
0.25760945677757263
0.02248702198266983
-0.003368806093931198
-0.0870111808180809
0.09735343605279922
-0.29091501235961914
0.11788634955883026
0.11669859290122986
0.17993777990341187
0.10645930469036102
0.1418638974428177
-0.10600130259990692
0.013212965801358223
0.10301698744297028
-0.14636042714118958
0.10495194047689438
0.07338933646678925
-0.07845352590084076
0.006730861961841583
-0.02750290371477604
0.11485220491886139
0.07213852554559708
-0.10813810676336288
-0.14290423691272736
0.09134294092655182
-0.15065300464630127
-0.037224289029836655
0.10430250316858292
-0.044974762946367264
-0.13715031743049622
-0.3309421241283417
0.07148917019367218
0.3443615138530731
0.1355409175157547
-0.11373002827167511
0.0035125436261296272
-0.11343257874250412
-0.09213849902153015
0.010379979386925697
0.11774240434169769
-0.09140998870134354
-0.0991547554731369
0.003425026312470436
-0.014374765567481518
0.17159299552440643
0.040473878383636475
-0.14281073212623596
0.15497782826423645
-0.03646596521139145
0.01761728525161743
-0.03332064300775528
0.05846914276480675
-0.12900076806545258
-0.08001233637332916
-0.08149459213018417
-0.08385352790355682
-0.0335235558450222
-0.14280124008655548
-0.031919725239276886
0.11105804890394211
-0.19547556340694427
0.19757132232189178
-0.04730384424328804
-0.0036542066372931004
0.06147046759724617
0.04562164098024368
-0.011813309974968433
0.046099383383989334
0.07695835828781128
-0.2882610857486725
0.26195383071899414
0.21748647093772888
-0.04656440392136574
0.09377200901508331
0.05208759754896164
0.0579330138862133
-0.014997285790741444
0.08386573195457458
-0.14601409435272217
-0.13567224144935608
-0.03392583876848221
0.07811200618743896
0.04242735356092453
0.05465685576200485
