-0.04150955379009247
0.10727880895137787
0.039693668484687805
-0.04784877225756645
-0.07190775126218796
-0.05790267139673233
-0.02983832359313965
0.05223590508103371
0.2055840641260147
-0.015847735106945038
0.1937713772058487
0.04881100356578827
-0.18835881352424622
-0.03702876716852188
-0.005249261390417814
0.11856554448604584
-0.041951801627874374
-0.08520526438951492
-0.14275062084197998
-0.0943623036146164
-0.017970627173781395
0.09117663651704788
-0.010253211483359337
0.015904057770967484
-0.12828974425792694
-0.27922821044921875
-0.008390597999095917
-0.10188253223896027
-0.0017042392864823341
-0.17355625331401825
-0.0043153539299964905
0.0798410028219223
-0.10117299109697342
-0.13488532602787018
0.08049103617668152
0.11573181301355362
-0.040998104959726334
-0.03396792709827423
0.19548897445201874
0.09817484021186829
-0.16736924648284912
0.05266764760017395
0.03212650865316391
0.4237978458404541
0.22096577286720276
0.014160790480673313
-0.03327758237719536
0.0623699352145195
0.1694456785917282
-0.29635292291641235
0.06862351298332214
0.07054798305034637
0.13009388744831085
0.048312779515981674
0.17054948210716248
-0.15999619662761688
0.010831529274582863
0.17302674055099487
-0.24342846870422363
0.07094366103410721
0.026706011965870857
-0.07273368537425995
-0.02396124228835106
-0.11965031176805496
0.2527116537094116
0.09038665145635605
-0.16103573143482208
-0.0022252285853028297
0.10493576526641846
-0.10815998166799545
0.016014426946640015
0.02790919691324234
-0.12343549728393555
-0.13172440230846405
-0.24997112154960632
0.09410335123538971
0.3119001090526581
0.14600549638271332
-0.19246791303157806
-0.009024549275636673
-0.004717128351330757
0.01903938129544258
-0.017153529450297356
-0.0048658098094165325
-0.09323916584253311
0.01653442718088627
-0.023675046861171722
-0.04409610480070114
0.17950694262981415
0.05947159230709076
-0.049282677471637726
0.19627150893211365
-0.06021258234977722
-0.035260699689388275
0.040703438222408295
-0.04730548709630966
-0.12274906039237976
-0.10611279308795929
-0.16250908374786377
-0.012711810879409313
-0.02069186046719551
-0.2603168785572052
-0.0072395093739032745
0.08651071786880493
-0.24571391940116882
0.1074896976351738
0.008431488648056984
0.024127960205078125
-0.01471547782421112
0.10292620211839676
-0.129134401679039
-0.02022959105670452
0.21770021319389343
-0.2277233600616455
0.2609260380268097
0.17856590449810028
0.06187434494495392
0.11434116959571838
0.06357869505882263
-0.010272782295942307
-0.030139219015836716
0.05253726989030838
-0.054243165999650955
-0.11252134293317795
0.003956841304898262
-0.050952550023794174
0.09589482098817825
0.05372288078069687
