-0.16583488881587982
0.11435236781835556
0.03442538529634476
-0.06449288874864578
-0.03934521973133087
-0.06898654997348785
0.019488990306854248
-0.08832497894763947
0.17660589516162872
0.01173420064151287
0.23395448923110962
-0.045275215059518814
-0.2040524184703827
-0.10820721834897995
0.01865505427122116
0.10040668398141861
-0.13862207531929016
-0.0018017757683992386
-0.1359694004058838
-0.06856556981801987
0.08023632317781448
0.014101587235927582
0.1197141781449318
0.07495811581611633
-0.22636689245700836
-0.2529700994491577
-0.03971946984529495
-0.11136360466480255
-0.04938555508852005
-0.10166933387517929
-0.006577485240995884
0.08394408226013184
-0.20256836712360382
-0.15735484659671783
0.008196482434868813
0.06368966400623322
-0.04399079456925392
0.013836567290127277
0.15939930081367493
0.04556649178266525
-0.1351391077041626
0.0524255633354187
0.04979295656085014
0.3033924996852875
0.28688952326774597
-0.03783941641449928
0.022692807018756866
-0.13233335316181183
0.15080706775188446
-0.22437934577465057
0.011819012463092804
0.10558962821960449
0.13595783710479736
0.022663503885269165
0.12592674791812897
-0.059777867048978806
0.05951707065105438
0.15067695081233978
-0.21324053406715393
0.07265138626098633
0.07522035390138626
-0.0185027327388525
-0.03601747378706932
0.011072510853409767
0.12308032065629959
0.0971641093492508
-0.09386195242404938
-0.09564577788114548
0.07735756039619446
-0.0480562299489975
0.0014272392727434635
0.15716630220413208
-0.15343816578388214
-0.24880628287792206
-0.28403064608573914
0.021109160035848618
0.37898990511894226
0.06915920972824097
-0.2303611785173416
-0.01146034523844719
-0.14124684035778046
-0.006613162811845541
0.11324158310890198
0.011373871937394142
-0.05964311212301254
-0.07034353911876678
-0.07409366220235825
0.09287592768669128
0.16893653571605682
-0.05230775102972984
-0.05106674134731293
0.23854993283748627
0.07344330847263336
-0.0671490877866745
0.042750731110572815
0.04131243750452995
-0.123689666390419
0.044878870248794556
-0.16916756331920624
-0.03300875797867775
0.04451536014676094
-0.11434326320886612
0.0205376073718071
0.022920113056898117
-0.2292633205652237
0.122050441801548
0.07285130023956299
-0.030866554006934166
-0.01953815296292305
-0.0745878517627716
-0.11309853196144104
0.023893417790532112
0.12500827014446259
-0.2750513553619385
0.19686613976955414
0.1610800325870514
-0.022674018517136574
0.10053308308124542
0.019336143508553505
0.01233941875398159
0.007171555422246456
0.06625573337078094
0.005478337872773409
0.0003054685366805643
0.08213835209608078
0.008870553225278854
0.0857526957988739
-0.0412692129611969
