-0.1280805915594101
0.2279086709022522
0.0368955135345459
-0.023494651541113853
-0.07481686025857925
0.048017531633377075
-0.05286739766597748
0.010615729726850986
0.16624630987644196
0.0056390054523944855
0.1320682018995285
-0.020146869122982025
-0.2713199853897095
-0.04005106911063194
-0.059267014265060425
0.14680659770965576
-0.22873753309249878
-0.05939435213804245
-0.18380329012870789
-0.0366508923470974
0.0858423113822937
0.13284356892108917
-0.003528240602463484
0.05105551704764366
-0.10335177928209305
-0.37587958574295044
-0.03248559683561325
-0.07791228592395782
0.09205174446105957
-0.08523382246494293
-0.05891710892319679
-0.001990243559703231
-0.15837796032428741
-0.14327728748321533
0.04192275553941727
0.06713296473026276
0.018786756321787834
-0.04054766893386841
0.1202622801065445
0.014783557504415512
-0.15150555968284607
0.05816200375556946
0.08931361883878708
0.2865317761898041
0.17665843665599823
0.08311142772436142
0.04098512977361679
-0.16203589737415314
0.08344073593616486
-0.21635495126247406
0.04587728902697563
0.15327635407447815
0.10931171476840973
0.09488631039857864
0.13093504309654236
-0.2627229690551758
0.04472728073596954
0.09873978048563004
-0.17563496530056
0.05833223834633827
0.027100112289190292
0.017773108556866646
0.05244415998458862
0.003701547859236598
0.10625195503234863
0.0018105448689311743
-0.05204353109002113
-0.16357830166816711
0.1384650319814682
-0.13755300641059875
0.03826030716300011
0.08645085990428925
-0.029921477660536766
-0.17266686260700226
-0.3034922778606415
0.025452114641666412
0.43970850110054016
0.19569703936576843
-0.2214231938123703
-0.008681624196469784
-0.0885963886976242
-0.11636470258235931
0.08567527681589127
0.0378379188477993
-0.1927921026945114
-0.003366990014910698
-0.1476287692785263
0.10437305271625519
0.1730625033378601
0.051091305911540985
0.028384236618876457
0.240936279296875
0.12461352348327637
-0.016799690201878548
0.0749603733420372
0.0744437500834465
-0.2053210437297821
0.027643077075481415
-0.15978626906871796
-0.024913523346185684
0.0812947005033493
-0.12628132104873657
0.004985284060239792
0.11631068587303162
-0.177036315202713
0.12273682653903961
0.026812251657247543
-0.0690845176577568
-0.05749807134270668
0.016803663223981857
-0.1284952610731125
0.0020534719806164503
0.24281346797943115
-0.16853980720043182
0.12296013534069061
0.20248688757419586
0.031827349215745926
0.156715527176857
0.11855048686265945
0.08611312508583069
-0.00979543849825859
-0.04749218001961708
-0.1367523968219757
-0.06252443790435791
0.052345357835292816
-0.08361965417861938
0.06513190269470215
0.04424073547124863
