-0.1667381376028061
0.11965908110141754
-0.04736536741256714
-0.06903091818094254
-0.10367806255817413
-0.027991052716970444
-0.07257262617349625
-0.00637059798464179
0.11557988822460175
0.06809578835964203
0.19273297488689423
-0.041068606078624725
-0.2629428803920746
0.05522354319691658
-0.048276565968990326
0.12706898152828217
-0.1332874298095703
-0.10629215091466904
-0.09190022945404053
-0.07356739044189453
0.046490784734487534
0.05591221898794174
-0.03798708692193031
0.14080771803855896
-0.09309335052967072
-0.3284423053264618
-0.04857946187257767
-0.07540325820446014
0.08218439668416977
-0.12438938021659851
0.00966663472354412
0.004551452584564686
-0.19748923182487488
-0.09074240922927856
0.06301301717758179
0.08379338681697845
-0.03673070669174194
-0.03238965570926666
0.20239202678203583
0.04441242665052414
-0.11305928230285645
0.09391865879297256
0.1142820417881012
0.36047202348709106
0.12068144977092743
0.12050924450159073
0.06697815656661987
-0.03021303564310074
0.022771194577217102
-0.29510411620140076
0.09452004730701447
0.18757496774196625
0.06364110112190247
0.07009286433458328
0.020674467086791992
-0.19723129272460938
-0.028229042887687683
0.16941405832767487
-0.18876582384109497
0.18970583379268646
0.08540154993534088
0.05616026371717453
-0.047888752073049545
-0.08532574772834778
0.22661493718624115
0.10795643925666809
-0.13923102617263794
-0.15167449414730072
0.029819710180163383
-0.1732049584388733
-0.05517961457371712
0.07108505070209503
-0.10470288246870041
-0.1939266175031662
-0.21513503789901733
0.12025569379329681
0.3397589325904846
0.10974599421024323
-0.15678775310516357
0.03685083985328674
-0.043762512505054474
-0.051584936678409576
0.03687455132603645
-0.05791258066892624
-0.07683860510587692
-0.07960837334394455
-0.11021412163972855
0.04478913173079491
0.2690226137638092
0.03592298924922943
0.03325529396533966
0.21330536901950836
0.031721241772174835
-0.03654506802558899
-0.008830470964312553
0.14428365230560303
-0.14627599716186523
-0.046316660940647125
-0.10391181707382202
-0.03879345580935478
0.046228207647800446
-0.0779588520526886
-0.007114807143807411
0.07039380818605423
-0.22056910395622253
0.14120733737945557
-0.014594420790672302
-0.031805429607629776
-0.02871965803205967
0.10083900392055511
-0.15175177156925201
-0.054144371300935745
0.20592182874679565
-0.1971607506275177
0.27101895213127136
0.22976668179035187
0.07816363126039505
0.07027243077754974
0.08810844272375107
0.020225636661052704
0.03881615027785301
0.053788892924785614
-0.10869915038347244
-0.10514194518327713
0.031431008130311966
-0.04936463013291359
0.019606199115514755
0.02744925580918789
