-0.17886726558208466
0.13157609105110168
0.030595513060688972
-0.03617291897535324
-0.12668804824352264
0.07489237189292908
-0.008701302111148834
-0.06455014646053314
0.13036568462848663
-0.013365894556045532
0.17595705389976501
-0.038484200835227966
-0.30552029609680176
-0.016935328021645546
-0.07742895185947418
0.11317503452301025
-0.16000771522521973
-0.12830156087875366
-0.10114634037017822
-0.06747367233037949
0.06663989275693893
-0.028781350702047348
-0.006635134108364582
0.07617271691560745
-0.1216939240694046
-0.3107245862483978
-0.01624862477183342
-0.12955987453460693
0.0427008755505085
-0.14944316446781158
-0.05146932601928711
-0.04482944309711456
-0.1837707757949829
-0.07255472987890244
-0.055685654282569885
-0.006848657503724098
-0.01562817208468914
-0.07800816744565964
0.21192766726016998
-0.025523971766233444
-0.1605204939842224
0.030680440366268158
-0.013314027339220047
0.3371957242488861
0.17918269336223602
0.020975468680262566
0.06510140746831894
-0.021596431732177734
0.1271929144859314
-0.30344459414482117
0.04158793389797211
0.1589031219482422
0.10061895102262497
-0.03496149554848671
0.01984899491071701
-0.15698012709617615
-0.03636671602725983
0.17563451826572418
-0.19330929219722748
0.1613674759864807
0.10158590227365494
-0.08950430154800415
0.016898488625884056
-0.08447911590337753
0.23121383786201477
0.07728520780801773
-0.11475355178117752
-0.07466158270835876
0.13572357594966888
-0.08568151295185089
0.04494559019804001
0.017512042075395584
-0.1396045684814453
-0.2302049696445465
-0.25988394021987915
0.10213936865329742
0.4572222828865051
0.18498806655406952
-0.10986746847629547
0.039941105991601944
-0.16604433953762054
0.03671778738498688
0.04219809174537659
-0.0050742533057928085
-0.13777564465999603
0.012233806774020195
-0.11990345269441605
0.11860665678977966
0.21963492035865784
0.008042278699576855
-0.038729701191186905
0.21282580494880676
0.01020185835659504
-0.08597350120544434
0.02916012331843376
0.042271558195352554
-0.11110664904117584
-0.04173625633120537
-0.09019574522972107
0.03854518011212349
0.017943507060408592
-0.16503214836120605
0.08992455154657364
0.07268507778644562
-0.20451034605503082
0.07221125811338425
-0.04120504856109619
0.003209007903933525
-0.06406987458467484
-0.029454423114657402
-0.14143361151218414
0.03163617104291916
0.20023797452449799
-0.24583154916763306
0.17900705337524414
0.18459199368953705
0.11018224060535431
0.14068515598773956
0.08067577332258224
-0.013548865914344788
0.008311284705996513
0.007157281041145325
-0.10895135253667831
-0.06194697320461273
0.11481723934412003
-0.011713760904967785
0.16855520009994507
0.06980783492326736
