-0.08132248371839523
-0.021457664668560028
0.04266596585512161
-0.04850432649254799
-0.0456036701798439
-0.053113799542188644
0.01079261489212513
-0.1072118952870369
0.21159350872039795
-0.06544703990221024
0.25818654894828796
-0.015187542885541916
-0.2113867551088333
-0.13175518810749054
-0.0023484001867473125
0.11029131710529327
-0.1211879774928093
-0.0681009292602539
0.008322403766214848
-0.010898611508309841
0.19469431042671204
0.02046632394194603
0.015502230264246464
0.06008601188659668
-0.19619019329547882
-0.3506152629852295
-0.15011467039585114
-0.09833882004022598
-0.0002712942659854889
-0.05606899410486221
-0.06281708925962448
0.04517016187310219
-0.20276467502117157
-0.038975492119789124
0.011213389225304127
0.13049913942813873
0.01635163091123104
-0.05148547142744064
0.1058218851685524
0.021822525188326836
-0.18539929389953613
0.03169458359479904
-0.0006968537345528603
0.20377802848815918
0.10618380457162857
0.028577230870723724
0.07356316596269608
-0.08030027896165848
0.0924806073307991
-0.24898003041744232
0.03989314287900925
0.11881435662508011
0.0657624751329422
-0.0011185528710484505
0.050400301814079285
-0.11736075580120087
0.02966209128499031
0.12930920720100403
-0.26467400789260864
0.12727314233779907
0.07551572471857071
-0.1476004272699356
-0.05127948895096779
0.006111077964305878
0.13607914745807648
0.14115242660045624
-0.11359064280986786
-0.12456999719142914
0.08534806221723557
-0.21127207577228546
-0.023264138028025627
0.03952767327427864
-0.1277329921722412
-0.24320805072784424
-0.3532675802707672
0.013559224084019661
0.4224669933319092
0.11983795464038849
-0.2045300155878067
0.09381109476089478
-0.1023687794804573
0.09023087471723557
0.17438744008541107
0.04593050107359886
0.005246516317129135
0.09248819202184677
-0.20923615992069244
0.06430573016405106
0.22585847973823547
-0.06687036156654358
0.040745772421360016
0.29591476917266846
-0.009579633362591267
0.08577589690685272
0.03403816372156143
0.06236888840794563
-0.04625577852129936
-0.04311138764023781
-0.05362198129296303
0.03608398884534836
0.04807346314191818
-0.09599540382623672
0.01626398228108883
0.03679215908050537
-0.22739531099796295
0.10602462291717529
-0.005262419581413269
-0.04789923503994942
-0.013563765212893486
-0.0713057890534401
-0.11943747848272324
-0.021379739046096802
0.10926103591918945
-0.2922227084636688
0.1913711577653885
0.19635069370269775
0.018275637179613113
0.1845518797636032
0.017035240307450294
0.04282423481345177
-0.052552882581949234
-0.10361635684967041
-0.13000576198101044
-0.022557463496923447
0.00992516614496708
-0.014456999488174915
0.05106661468744278
-0.015175368636846542
