-0.10089648514986038
0.04019724205136299
-0.02900060825049877
-0.07942543178796768
-0.131316676735878
-0.06043565645813942
-0.07710728049278259
-0.08370004594326019
0.10713126510381699
-0.08433515578508377
0.24696509540081024
0.012745389714837074
-0.22878693044185638
-0.12872588634490967
-0.03400982916355133
0.12702132761478424
-0.04239756986498833
-0.1259581446647644
-0.09272937476634979
-0.027786340564489365
0.048846617341041565
-0.037040308117866516
0.015442846342921257
0.09649324417114258
-0.07893531769514084
-0.2556382119655609
-0.06914255023002625
-0.039752256125211716
-0.011966882273554802
-0.1230897307395935
-0.03242768347263336
0.11405860632658005
-0.1636357307434082
-0.05145248770713806
0.021617546677589417
0.12985849380493164
-0.09239716827869415
-0.05433042347431183
0.18083074688911438
0.0051229046657681465
-0.14873972535133362
-0.039297718554735184
-0.047338638454675674
0.23531284928321838
0.15665054321289062
-0.009731940925121307
0.06315529346466064
-0.03013523295521736
0.10273031145334244
-0.2510378062725067
0.04514689743518829
0.20015418529510498
0.08571862429380417
0.09398987889289856
-0.03343316540122032
-0.16583046317100525
0.025181367993354797
0.2072824090719223
-0.17031846940517426
-0.011953313834965229
-0.023347437381744385
-0.1185046061873436
-0.122210793197155
-0.10884649306535721
0.19139957427978516
0.17431794106960297
-0.1413336545228958
-0.18377619981765747
0.20725101232528687
-0.09321538358926773
-0.08337002992630005
0.02749226614832878
-0.20275433361530304
-0.19911140203475952
-0.2252570539712906
0.1160045862197876
0.31511572003364563
0.14166243374347687
-0.14596061408519745
0.03835084289312363
-0.0911865085363388
0.00452345609664917
-0.08134829252958298
0.01815168932080269
-0.027213148772716522
-0.03543243557214737
-0.06764207035303116
0.01623089611530304
0.12694060802459717
-0.06778760254383087
-0.01608097366988659
0.16221466660499573
0.023540522903203964
0.06210780143737793
0.022898521274328232
0.024845177307724953
-0.027428124099969864
0.055514685809612274
-0.1019902229309082
0.05355137959122658
0.009720228612422943
-0.13260923326015472
0.0122420284897089
0.07683824747800827
-0.11111997067928314
0.19004902243614197
0.01482420228421688
0.033111996948719025
-0.02252054587006569
0.016338353976607323
-0.11424318701028824
-0.08248685300350189
0.09943575412034988
-0.22475296258926392
0.29801568388938904
0.20807355642318726
0.15914951264858246
0.15836800634860992
0.10941797494888306
0.09496660530567169
0.06493672728538513
-0.03013026714324951
-0.1537984013557434
-0.08341524004936218
0.0776609405875206
0.020500775426626205
-0.06369440257549286
0.051743995398283005
