-0.13272227346897125
0.1536792665719986
0.026176996529102325
-0.05194123089313507
-0.2043207734823227
0.10135235637426376
-0.07472161948680878
-0.061973411589860916
0.11345105618238449
-0.026074962690472603
0.24168512225151062
-0.03378275781869888
-0.26793909072875977
-0.012002376839518547
-0.06832864880561829
0.13678283989429474
-0.11839648336172104
-0.06356539577245712
-0.11902756243944168
-0.1696087270975113
-0.05401891469955444
0.1460462212562561
-0.020010393112897873
0.01803078129887581
-0.1022832989692688
-0.2945709228515625
-0.0031212177127599716
-0.17241831123828888
0.11543722450733185
-0.11117172986268997
0.018940327689051628
0.08221480250358582
-0.11144919693470001
-0.02337362989783287
0.04857887327671051
0.03646368533372879
-0.04081440344452858
-0.11664454638957977
0.24053965508937836
-0.03704441338777542
-0.06166675314307213
0.07542212307453156
0.12145543843507767
0.29106801748275757
0.07920294255018234
0.02059231884777546
0.048869021236896515
-0.080172099173069
0.20604734122753143
-0.23219634592533112
0.11441630870103836
0.13594327867031097
0.1790759563446045
0.06717463582754135
0.07207697629928589
-0.18771158158779144
0.0061647724360227585
0.13279782235622406
-0.25379958748817444
0.1243816614151001
0.08683907240629196
-0.002588341012597084
-0.1332053691148758
-0.17430907487869263
0.2380339503288269
0.1649521440267563
-0.1185503825545311
-0.15731176733970642
0.14304694533348083
-0.14065122604370117
-0.099099300801754
0.0618356317281723
-0.1204235628247261
-0.1150059700012207
-0.23105086386203766
0.1252417415380478
0.34408608078956604
0.22286415100097656
-0.1865638792514801
-0.00229478906840086
-0.016944264993071556
-0.0583031103014946
-0.03143098205327988
0.054302867501974106
-0.12930279970169067
-0.14152857661247253
-0.007871326990425587
-0.006629275158047676
0.20327851176261902
-0.0027318354696035385
-0.02377600409090519
0.2502782344818115
0.09592171013355255
-0.011567508801817894
-0.04890378192067146
0.0034090536646544933
-0.1531488001346588
-0.09043923020362854
-0.02888546511530876
0.00035362690687179565
0.02746119536459446
-0.11147060245275497
0.027260150760412216
0.09185178577899933
-0.22708821296691895
0.217250257730484
-0.05530664324760437
-0.002049943432211876
0.048898547887802124
0.0322304330766201
-0.04467147961258888
0.011964615434408188
0.22755612432956696
-0.24310046434402466
0.22098858654499054
0.0865621566772461
0.10902846604585648
0.17442286014556885
0.10049863159656525
0.10651957988739014
0.0230701994150877
0.025795241817831993
-0.17026488482952118
-0.19635097682476044
0.08368059992790222
-0.10884612798690796
-0.006926670670509338
0.10252363234758377
