-0.08721980452537537
0.060371965169906616
-0.0004572826437652111
-0.00896529108285904
-0.04570673406124115
0.046419739723205566
-0.12351527065038681
-0.047656331211328506
0.22681911289691925
-0.09156813472509384
0.18422964215278625
0.09082460403442383
-0.23314297199249268
-0.050466492772102356
-0.02615145593881607
0.0824451744556427
-0.13120001554489136
-0.08841778337955475
-0.10456118732690811
-0.02489451691508293
0.037941236048936844
0.0720149427652359
0.02803804911673069
0.03110082447528839
-0.1694544404745102
-0.3569543957710266
-0.06231062114238739
-0.15660059452056885
0.011422939598560333
-0.12687204778194427
-0.05908431112766266
0.04124629870057106
-0.17998740077018738
-0.08181135356426239
0.052569083869457245
0.09834788739681244
0.01820826344192028
0.06557463109493256
0.17194101214408875
0.08162644505500793
-0.18340349197387695
0.03858693316578865
0.04918072372674942
0.2690091133117676
0.1789902001619339
0.14526723325252533
0.0067609213292598724
-0.10748115181922913
0.15339037775993347
-0.29609566926956177
0.11530005931854248
0.16704055666923523
0.08800803124904633
0.045095786452293396
0.1370234191417694
-0.14676985144615173
4.4889748096466064e-07
0.061109788715839386
-0.18873851001262665
0.07852554321289062
0.07692495733499527
0.056699953973293304
-0.08431322127580643
-0.0023474828340113163
0.1727924793958664
0.0871802568435669
-0.10168758034706116
-0.09542537480592728
0.16925039887428284
-0.18403059244155884
-0.04144858941435814
0.10650221258401871
-0.09314461052417755
-0.20228633284568787
-0.262440949678421
0.03024880588054657
0.45078980922698975
0.17096322774887085
-0.14612822234630585
0.025931447744369507
-0.10594910383224487
-0.07924528419971466
0.028387393802404404
-0.024803245440125465
-0.08175645768642426
-0.0011698827147483826
-0.014854524284601212
0.05850527808070183
0.2297176718711853
0.06625781953334808
0.062408722937107086
0.22793608903884888
0.059668976813554764
0.017788536846637726
0.033944569528102875
0.07193543016910553
-0.09859821200370789
-0.08695398271083832
-0.2061588168144226
-0.07101091742515564
0.02067016065120697
-0.026723533868789673
0.025778818875551224
0.1039748564362526
-0.25537601113319397
0.14393866062164307
0.005635967943817377
-0.09954343736171722
0.0644870325922966
0.09762124717235565
-0.13911817967891693
-0.0750638023018837
0.1744445562362671
-0.24767149984836578
0.16348350048065186
0.1710626184940338
0.08231420069932938
0.08449289202690125
0.041346050798892975
0.058917827904224396
-0.012900705449283123
-0.02307303622364998
-0.18552349507808685
-0.15047870576381683
0.020923689007759094
-0.050014544278383255
-0.01882602460682392
-0.016988739371299744
