-0.0842490866780281
0.010793906636536121
0.04173871874809265
0.052077192813158035
-0.05507788062095642
-0.10429627448320389
-0.05866048485040665
-0.11160413920879364
0.06765349954366684
-0.09810405224561691
0.12482963502407074
-0.06830253452062607
-0.1761883795261383
-0.10360592603683472
-0.00457046227529645
0.09350733458995819
-0.11694355309009552
-0.10212412476539612
-0.09650880098342896
-0.04175044596195221
-0.016124630346894264
0.03171742707490921
0.02599140629172325
-0.020684637129306793
-0.0935070663690567
-0.42619168758392334
-0.06967829912900925
-0.04670514166355133
0.07716740667819977
-0.0282470490783453
0.0029975445941090584
0.047563668340444565
-0.23300480842590332
-0.0699472650885582
0.05578668415546417
0.18520379066467285
0.018240034580230713
0.03119458630681038
0.1963322013616562
0.04166082292795181
-0.1924036741256714
0.06890136748552322
0.07016108930110931
0.238532155752182
0.16353115439414978
0.1178608313202858
0.018689071759581566
-0.05744544416666031
0.15753041207790375
-0.19329428672790527
0.10442794114351273
0.1037295013666153
0.19799432158470154
0.022031713277101517
0.12681134045124054
-0.15273861587047577
0.0077907852828502655
0.10904615372419357
-0.24792353808879852
0.09362035244703293
0.05912268906831741
-0.03943580389022827
-0.005068078637123108
-0.019815905019640923
0.20705440640449524
0.07979920506477356
-0.08305079489946365
-0.11236307770013809
0.254266619682312
-0.20222502946853638
-0.010350804775953293
0.022026559337973595
0.00332737248390913
-0.09821672737598419
-0.3619349002838135
0.01573856547474861
0.3432063162326813
0.12116795778274536
-0.16885535418987274
0.0038632219657301903
-0.058751724660396576
-0.0627424567937851
0.0015239458298310637
0.0448397733271122
-0.09200870990753174
-0.0010002069175243378
-0.0729728415608406
-0.020663227885961533
0.17235448956489563
0.08754779398441315
-0.016212839633226395
0.15375036001205444
-0.015811411663889885
0.034599244594573975
0.0122075155377388
0.004785416182130575
-0.2064247727394104
-0.05055796727538109
-0.10854904353618622
-0.06539148092269897
0.042347945272922516
-0.13387352228164673
0.060299623757600784
0.1559879630804062
-0.23416075110435486
0.2012997269630432
-0.08558972179889679
-0.03472289443016052
0.047208815813064575
0.10796484351158142
-0.061091404408216476
0.0025139679200947285
0.11640697717666626
-0.28435054421424866
0.2533000707626343
0.15498481690883636
-0.008370628580451012
0.13920584321022034
0.04643481969833374
0.0681890994310379
-0.01301486138254404
0.01967787742614746
-0.19830863177776337
-0.1867702305316925
-0.07847277820110321
-0.07010053098201752
0.06555872410535812
0.12009634077548981
