-0.12491356581449509
0.12049420177936554
0.11201979964971542
0.006106628570705652
-0.05372729152441025
-0.04318031296133995
0.036896079778671265
-0.053886834532022476
0.1494765728712082
-0.03925789147615433
0.2753494381904602
0.012423727661371231
-0.16320011019706726
-0.13715910911560059
-0.012375413440167904
0.08980418741703033
-0.1446506232023239
-0.15785887837409973
-0.05256495252251625
-0.1444011628627777
0.013274670578539371
0.00960663240402937
0.019518239423632622
-0.04277525097131729
-0.1450505554676056
-0.29257386922836304
-0.062352873384952545
-0.1850081980228424
0.10692562162876129
-0.09320022910833359
0.10236696898937225
0.04526413604617119
-0.15394999086856842
-0.09406636655330658
-0.022312231361865997
0.03182525932788849
0.06820420175790787
0.03189800679683685
0.2378953993320465
-0.029009437188506126
-0.12441282719373703
-0.005522128194570541
0.09237363934516907
0.3583146333694458
0.1357480138540268
0.0038449952844530344
0.02437644824385643
0.13186003267765045
0.1082838848233223
-0.19667461514472961
0.08382096141576767
0.0702848732471466
0.24352172017097473
0.06676138937473297
0.05589472874999046
-0.1374148577451706
-0.034060999751091
0.08492734283208847
-0.1931951493024826
0.15864841639995575
0.08263001590967178
-0.10410530120134354
-0.06324024498462677
0.00742243230342865
0.2450033277273178
0.05585119128227234
-0.06874573230743408
-0.12932460010051727
0.2244553565979004
-0.1090681329369545
-0.029021937400102615
0.06308451294898987
-0.1531161516904831
-0.04114903509616852
-0.24001054465770721
0.10376834124326706
0.3386077284812927
0.07155761867761612
-0.1622220128774643
-0.008109977468848228
-0.131615549325943
0.051542729139328
-0.0765611082315445
-0.030747797340154648
-0.05971592664718628
0.018740717321634293
-0.1251130998134613
-0.04494108259677887
0.15864777565002441
-0.0077041443437337875
-0.07957920432090759
0.17318329215049744
0.004057265818119049
-0.04479604214429855
0.030644506216049194
-0.031119775027036667
-0.07114740461111069
-0.05626462399959564
-0.12326951324939728
-0.02162284217774868
0.0036744163371622562
-0.1637200117111206
0.0032897107303142548
0.07375933229923248
-0.20615802705287933
0.12407474964857101
-0.012460430152714252
0.037346336990594864
-0.03648161143064499
0.1655314713716507
-0.08060844987630844
-0.07037045806646347
0.19231586158275604
-0.1918056756258011
0.231317937374115
0.19646795094013214
0.02232358604669571
0.1372508704662323
0.04949646815657616
0.07499298453330994
-0.00899515114724636
0.04064488410949707
-0.04831942915916443
-0.15608736872673035
-0.04401300847530365
-0.05034485086798668
0.027879856526851654
0.12360365688800812
