0.0049277134239673615
0.10680001974105835
0.1053721085190773
-0.05690130591392517
-0.061045244336128235
-0.06285881251096725
-0.0235353522002697
0.024013612419366837
0.18067829310894012
-0.0022358661517500877
0.223800390958786
0.06772386282682419
-0.2794434726238251
-0.039058707654476166
-0.0053116255439817905
0.12486420571804047
-0.104430191218853
-0.13048000633716583
-0.10785830765962601
-0.06990932673215866
0.11297500878572464
0.054619088768959045
0.033574070781469345
-0.010969318449497223
-0.16159924864768982
-0.34806349873542786
-0.013265600427985191
-0.10000048577785492
-0.007743033580482006
-0.20983365178108215
0.08765104413032532
0.08366255462169647
-0.17730464041233063
-0.07951357215642929
0.059726227074861526
0.035030364990234375
0.012973111122846603
-0.09351803362369537
0.22345975041389465
0.11434423178434372
-0.16517306864261627
0.08196884393692017
-0.06090915575623512
0.28440549969673157
0.1021556407213211
0.04775059223175049
0.08303976058959961
-0.11468712985515594
0.13331586122512817
-0.2659562826156616
0.07313403487205505
0.15933950245380402
0.011790834367275238
0.07326594740152359
0.08621081709861755
-0.19111986458301544
0.04789871722459793
0.11196886748075485
-0.3162691593170166
0.10627727955579758
0.05640266463160515
-0.06098301708698273
-0.06341743469238281
-0.11936024576425552
0.17992714047431946
0.06316319853067398
-0.14639323949813843
-0.11078257113695145
0.10344406217336655
-0.06710170209407806
-0.06723231822252274
0.048594601452350616
-0.13931408524513245
-0.15742845833301544
-0.24265305697917938
0.09218748658895493
0.31674498319625854
0.1515761762857437
-0.2610546946525574
0.010127536021173
-0.10646552592515945
0.025657223537564278
-0.019465621560811996
0.046584948897361755
-0.055193495005369186
0.06251963973045349
-0.050743039697408676
0.03362509608268738
0.13376522064208984
0.044244296848773956
-0.09451361000537872
0.27689647674560547
-0.03411534056067467
0.062309324741363525
0.030687645077705383
0.019530218094587326
-0.18252266943454742
-0.043078526854515076
-0.15304793417453766
-0.09661388397216797
0.06433716416358948
-0.07055271416902542
-0.0020223199389874935
0.11193197965621948
-0.16124914586544037
0.1586073935031891
-0.06664703041315079
-0.018465112894773483
-0.0369485579431057
0.05457276105880737
-0.11765803396701813
-0.030018622055649757
0.14101603627204895
-0.23866663873195648
0.3071657717227936
0.21565675735473633
0.09024909883737564
0.1011371985077858
0.10796216130256653
0.011960012838244438
-0.011505893431603909
-0.010454103350639343
-0.14194725453853607
-0.08811858296394348
0.06353309750556946
0.03883526846766472
0.0782417356967926
-0.007528475485742092
