-0.029086723923683167
0.09502841532230377
0.06169643998146057
0.019007058814167976
-0.03520972654223442
-0.058288611471652985
0.03667556867003441
-0.12232948839664459
0.16535790264606476
-0.023799601942300797
0.28004178404808044
-0.08547572791576385
-0.2722674310207367
-0.019541403278708458
-0.09030967950820923
0.08818434923887253
-0.21214136481285095
-0.07675018161535263
-0.0845067948102951
-0.0687326043844223
0.0278236735612154
0.048796068876981735
0.08323220908641815
-0.049296893179416656
-0.1220594123005867
-0.29797977209091187
-0.09632958471775055
-0.06331055611371994
0.11753971874713898
-0.015140648931264877
0.0628318265080452
0.1372811198234558
-0.24251773953437805
-0.10926268994808197
0.05660950019955635
0.06705369055271149
-0.0727575495839119
-0.011962559074163437
0.2251560091972351
0.064385324716568
-0.09241348505020142
0.0537729486823082
-0.003091077320277691
0.255852073431015
0.1738564372062683
-0.0026636188849806786
0.027608569711446762
-0.11258222162723541
0.02242785319685936
-0.272918164730072
0.03711799904704094
0.2270037680864334
0.10039746761322021
0.13039089739322662
0.09491857886314392
-0.11387348920106888
-0.025830011814832687
0.1281513124704361
-0.10039220005273819
0.09676039218902588
0.1062023937702179
-0.05568953603506088
0.0720430538058281
-0.07698601484298706
0.05926389619708061
-0.025163346901535988
-0.05784226208925247
-0.09508445858955383
0.17370422184467316
-0.11546692252159119
-0.06580653041601181
0.0958508849143982
-0.06660353392362595
-0.15852341055870056
-0.3022821247577667
0.03990841656923294
0.37976309657096863
0.11539848893880844
-0.09934253990650177
0.021192478016018867
-0.10131841152906418
-0.06864051520824432
-0.018255507573485374
-0.0080921845510602
-0.03771193325519562
-0.039171941578388214
-0.09010042250156403
0.03219333291053772
0.1796138733625412
-0.05054628849029541
-0.05391126871109009
0.20737721025943756
-0.06447957456111908
0.02864166349172592
0.0473666787147522
0.031022509559988976
-0.08319412171840668
-0.02202083356678486
-0.14147286117076874
0.007554460316896439
-0.06265843659639359
-0.15750336647033691
-0.040653180330991745
0.06739645451307297
-0.14238786697387695
0.12233159691095352
-0.024113254621624947
-0.07101516425609589
-0.06197701394557953
-0.013463377952575684
-0.07200860977172852
0.07207676023244858
0.19411878287792206
-0.28910398483276367
0.2849314510822296
0.19303563237190247
-0.01716712862253189
0.13378024101257324
0.04538195952773094
0.0541316382586956
-0.04449677839875221
-0.02120458148419857
-0.07700744271278381
-0.18447566032409668
-0.07022473216056824
0.038018397986888885
-0.027379052713513374
0.026643626391887665
