-0.15907621383666992
0.041102226823568344
-0.07029721885919571
-0.1081344485282898
-0.06119678169488907
-0.11191705614328384
0.043538957834243774
-0.07919113337993622
0.10782507807016373
-0.058256857097148895
0.20040149986743927
-0.023415904492139816
-0.24114613234996796
-0.1208844929933548
0.061331793665885925
0.11161220818758011
-0.20708328485488892
-0.07449475675821304
-0.1860390305519104
-0.11994083225727081
0.022984124720096588
0.026993466541171074
0.05861465260386467
-0.004978999495506287
-0.11283110082149506
-0.3050743639469147
-0.07263170182704926
-0.05417856574058533
0.09697741270065308
-0.053220484405756
0.1278921365737915
0.0491381473839283
-0.24887268245220184
-0.07814057171344757
0.04385515674948692
-0.028104715049266815
-0.06416833400726318
-0.0821177065372467
0.22783015668392181
-0.04336211085319519
-0.14927394688129425
-0.0025385553017258644
0.10039070248603821
0.21593891084194183
0.20968486368656158
-0.025606557726860046
-0.049143604934215546
-0.09362670034170151
0.09325284510850906
-0.29172998666763306
0.09004195779561996
0.13013166189193726
0.1284720003604889
-0.007509640417993069
0.14588581025600433
-0.04339008033275604
0.030289892107248306
0.12335547804832458
-0.23878604173660278
0.016322769224643707
0.0717364251613617
-0.01854167878627777
-0.16269150376319885
-0.11290623247623444
0.0994579941034317
0.12253375351428986
-0.1191711574792862
-0.10035105049610138
0.20047076046466827
-0.10239603370428085
-0.0234296265989542
0.02881595864892006
-0.057623930275440216
-0.22076433897018433
-0.2743423879146576
0.03753402829170227
0.2744103968143463
0.18397846817970276
-0.1603076457977295
0.06506586819887161
-0.05780995637178421
-0.0031703156419098377
0.06510090082883835
-0.03601209446787834
-0.1426013708114624
-0.10924842208623886
-0.01681424491107464
0.13590076565742493
0.11159949004650116
-0.01907331310212612
-0.08357977122068405
0.2268076390028
0.013373940251767635
-0.046485915780067444
0.024182306602597237
0.007916513830423355
-0.05878756195306778
-0.05450443550944328
-0.16844096779823303
0.0010899920016527176
0.20947736501693726
-0.09445124119520187
0.03290564566850662
0.1354396939277649
-0.13107930123806
0.14096343517303467
0.04240117222070694
-0.03664324805140495
0.07337111979722977
-0.011588347144424915
-0.10638944804668427
0.001504455809481442
0.05698378011584282
-0.19252470135688782
0.30093643069267273
0.12461982667446136
-0.04922289028763771
0.10771602392196655
0.083060123026371
0.013183219358325005
0.024385027587413788
-0.01631099544465542
-0.15407368540763855
-0.12158787995576859
0.08438456058502197
0.030593983829021454
0.07546227425336838
0.021957680583000183
