-0.06972047686576843
0.05529028922319412
0.059913620352745056
-0.026803232729434967
-0.03263014182448387
-0.08484017848968506
-0.04430574178695679
-0.08123089373111725
0.1858660727739334
-0.029788296669721603
0.26803404092788696
-0.061156973242759705
-0.263418972492218
-0.051867831498384476
-0.10480517148971558
0.10733182728290558
-0.2113124579191208
-0.09133189916610718
-0.06063990294933319
-0.14240247011184692
-0.010322253219783306
0.048458557575941086
0.0790448784828186
-0.019855622202157974
-0.13285872340202332
-0.3083752393722534
-0.10687766224145889
-0.1760188490152359
0.08349541574716568
-0.10758950561285019
0.03781982511281967
0.083168163895607
-0.16384831070899963
-0.0965687483549118
0.021181177347898483
0.007206320762634277
-0.014714059419929981
0.046680472791194916
0.2108890414237976
0.04728914052248001
-0.09904646873474121
0.049820512533187866
0.049927107989788055
0.2844725549221039
0.18787164986133575
0.11328873038291931
0.051437169313430786
-0.13690386712551117
0.03397433087229729
-0.2392520159482956
0.07155449688434601
0.19917181134223938
0.09382379800081253
0.06104510277509689
0.10748787224292755
-0.0915730819106102
-0.00978664681315422
0.08609957993030548
-0.11969560384750366
0.08323736488819122
0.16498661041259766
0.011417152360081673
-0.02678375318646431
-0.004415255505591631
0.12757980823516846
-0.035380635410547256
-0.07108612358570099
-0.04989785701036453
0.17026415467262268
-0.15225186944007874
-0.0870552659034729
0.08621807396411896
-0.046626001596450806
-0.15368632972240448
-0.25477951765060425
0.027270231395959854
0.3980080187320709
0.0944795086979866
-0.0845077708363533
0.0948883667588234
-0.12979421019554138
-0.061193741858005524
0.013163017109036446
-0.07385416328907013
-0.11864809691905975
-0.04810521751642227
-0.09131859242916107
0.01694248802959919
0.16786909103393555
-0.02982294000685215
0.0555148608982563
0.12707819044589996
-0.0012474749237298965
0.0027381405234336853
0.05245521664619446
0.07387057691812515
-0.10393349081277847
-0.005195453763008118
-0.12497882544994354
-0.01336672529578209
0.008902063593268394
-0.10185565054416656
-0.03013136237859726
-0.01677197590470314
-0.23091068863868713
0.1631821095943451
0.014023731462657452
-0.13822180032730103
-0.04921954870223999
0.02409370057284832
-0.03265305608510971
0.050117332488298416
0.21022066473960876
-0.28682178258895874
0.21106834709644318
0.21528589725494385
0.03186560049653053
0.1636309027671814
0.04397328943014145
0.059240058064460754
-0.08362043648958206
-0.044828109443187714
-0.10992629081010818
-0.1836920976638794
-0.04101952537894249
-0.0038634072989225388
0.015601858496665955
0.03848537430167198
