-0.16728894412517548
0.05598755180835724
0.01632756181061268
0.031628359109163284
-0.05220245197415352
-0.09858768433332443
-0.0017745885998010635
-0.15857014060020447
0.20028677582740784
-0.0984187200665474
0.19840259850025177
-0.03530130162835121
-0.1786118596792221
-0.021654177457094193
-0.13401198387145996
0.09956364333629608
-0.1926007717847824
-0.12138928472995758
-0.060433223843574524
-0.12423750758171082
0.05305703729391098
0.135277658700943
-0.005498445127159357
0.06246090680360794
-0.08701015263795853
-0.2902582287788391
-0.07483363151550293
-0.11848675459623337
0.13801322877407074
-0.08215271681547165
-0.03078128956258297
0.08010099828243256
-0.17258389294147491
-0.05971452593803406
0.059318698942661285
0.1530790477991104
0.02293935976922512
0.011763178743422031
0.2250119298696518
0.08140978217124939
-0.14482234418392181
0.030411455780267715
0.022128280252218246
0.38802918791770935
0.1329122930765152
0.028721816837787628
-0.025501172989606857
-0.12477134168148041
0.15636685490608215
-0.19024361670017242
0.030795637518167496
0.16487233340740204
0.1671190857887268
-0.013603252358734608
0.10475631058216095
-0.18201714754104614
-0.01585960015654564
0.11129023134708405
-0.21338970959186554
0.1302487701177597
0.11635474115610123
-0.11506471782922745
-0.03550823777914047
-0.059706803411245346
0.09824135154485703
0.03992566093802452
-0.065704844892025
-0.11206243932247162
0.2007068693637848
-0.21785609424114227
-0.04490308836102486
0.0909404531121254
-0.012496469542384148
-0.17708493769168854
-0.24499453604221344
-0.03883793205022812
0.46956756711006165
0.15944543480873108
-0.16874940693378448
0.0707569271326065
-0.03278816118836403
-0.08170481771230698
0.12535978853702545
0.09074587374925613
-0.08809082955121994
0.05106888711452484
-0.16132934391498566
0.01696065440773964
0.15922537446022034
0.06438910961151123
0.007218979764729738
0.17295372486114502
-0.004257685504853725
0.01719680055975914
0.0464584156870842
0.008627273142337799
-0.18958985805511475
-0.021914757788181305
-0.12184961885213852
-0.08252837508916855
-0.03324735909700394
-0.09967286884784698
0.0061904918402433395
0.05245841294527054
-0.18179082870483398
0.1949557662010193
-0.007578371092677116
-0.055089373141527176
-0.05967739596962929
-0.02402980998158455
-0.021281376481056213
0.07295987010002136
0.17748326063156128
-0.25497180223464966
0.16139808297157288
0.1372193694114685
-0.00024765427224338055
0.22215554118156433
0.009379693306982517
0.04448825865983963
-0.04843316599726677
-0.0415693037211895
-0.202860027551651
-0.14146074652671814
-0.0530131459236145
-0.0895550474524498
0.08387882262468338
0.017696520313620567
