-0.09973917156457901
0.08909289538860321
0.05649140849709511
0.0398353673517704
-0.022405991330742836
0.02036288194358349
-0.0031904764473438263
-0.15688209235668182
0.1477518230676651
-0.02138739451766014
0.27367278933525085
0.022121427580714226
-0.16128891706466675
-0.15891000628471375
-0.06272326409816742
0.12970690429210663
-0.09389742463827133
-0.15531538426876068
-0.10552416741847992
-0.009712239727377892
0.08336988836526871
-0.05382421612739563
0.06131031736731529
-0.038098983466625214
-0.029078174382448196
-0.3281947374343872
-0.0859660878777504
-0.128741055727005
0.12990912795066833
-0.0630166307091713
0.07194346189498901
-0.013532334938645363
-0.1798628270626068
-0.031335242092609406
-0.0024965032935142517
0.09159354865550995
-0.12264546751976013
-0.0858055055141449
0.17796996235847473
-0.04651319235563278
-0.15415261685848236
-0.028771748766303062
-0.03255436196923256
0.22766219079494476
0.25488516688346863
0.08578295260667801
0.0024218764156103134
-0.07273807376623154
0.09649094194173813
-0.2253112494945526
0.0631161630153656
0.1552290916442871
0.13287833333015442
0.10497216880321503
0.0434301532804966
-0.05312367528676987
0.06937125325202942
0.14052362740039825
-0.30697283148765564
-0.04816293716430664
0.04156694561243057
-0.008167890831828117
-0.08910268545150757
-0.06573379784822464
0.18411126732826233
0.18389613926410675
-0.11603859812021255
-0.13467298448085785
0.20002731680870056
-0.19261063635349274
-0.027232706546783447
0.0464017391204834
-0.13145288825035095
-0.1745554506778717
-0.1994352638721466
0.019868088886141777
0.43844807147979736
0.09445533156394958
-0.10592515021562576
-0.03344852104783058
-0.05298541486263275
0.004886152688413858
0.0002145989565178752
-0.02119889110326767
-0.0842464491724968
-0.09478328377008438
-0.07287774235010147
-0.09675867855548859
0.12267252802848816
-0.028237953782081604
-0.02644561044871807
0.17175903916358948
-0.048241026699543
-0.08143042027950287
0.010896926745772362
0.02707926370203495
0.006064381450414658
0.08898889273405075
-0.0897105410695076
-0.06975361704826355
-0.045760564506053925
-0.07268290221691132
0.03426798805594444
0.021291987970471382
-0.14149504899978638
0.1825871616601944
0.0010557419154793024
0.0951622873544693
0.08908933401107788
-0.08622769266366959
-0.11945980787277222
-0.0264249499887228
0.16986000537872314
-0.24908539652824402
0.2436930388212204
0.15859265625476837
0.04684855043888092
0.10228559374809265
0.06137090176343918
0.1402050107717514
-0.018073618412017822
-0.0359131321310997
-0.22728967666625977
-0.06652805954217911
0.004175114911049604
-0.032859619706869125
-0.03890841081738472
0.01549664419144392
