-0.1309662163257599
0.10520906001329422
0.10426546633243561
-0.10634920001029968
-0.05191812664270401
0.0072794645093381405
-0.06829047948122025
-0.07303258031606674
0.2086372822523117
-0.06921348720788956
0.3061840832233429
0.0320349857211113
-0.1960986852645874
-0.01945599913597107
-0.038848474621772766
0.06660117954015732
-0.11736055463552475
-0.07776258140802383
-0.0765538290143013
-0.09404823184013367
0.00014068675227463245
0.08479797095060349
0.04017715901136398
-0.013252660632133484
-0.13508859276771545
-0.33240455389022827
-0.10359781980514526
-0.1101687103509903
0.028918959200382233
-0.09707540273666382
-0.01790999062359333
-0.06174822896718979
-0.21052983403205872
-0.11657983064651489
0.04293588176369667
0.11034862697124481
-0.08313858509063721
-0.03513443097472191
0.17909088730812073
0.04644410312175751
-0.05374649539589882
0.0097915418446064
0.09469380229711533
0.25983965396881104
0.1340719610452652
0.0783260241150856
0.01535735372453928
-0.041778236627578735
0.075782410800457
-0.21341271698474884
0.1175452470779419
0.06707596778869629
0.2256012111902237
0.0725661888718605
0.12558813393115997
-0.18065579235553741
0.015813203528523445
0.10545587539672852
-0.13085737824440002
0.14206746220588684
0.06101679801940918
-0.03926520049571991
-0.09418083727359772
0.03188685327768326
0.23714560270309448
0.12185383588075638
-0.09407929331064224
-0.12207701802253723
0.16384688019752502
-0.053263261914253235
-0.04856615141034126
0.07399554550647736
-0.08664974570274353
-0.16581451892852783
-0.16211716830730438
0.08372992277145386
0.4080190658569336
0.10587691515684128
-0.2598702907562256
-0.028298499062657356
-0.08702466636896133
-0.022193780168890953
0.0016865191282704473
-0.014976145699620247
-0.09969217330217361
0.013686774298548698
-0.13424833118915558
0.013295558281242847
0.1938742846250534
0.0008142217993736267
-0.03796128183603287
0.19930633902549744
0.013642847537994385
0.07283580303192139
0.07775518298149109
0.011175056919455528
-0.14800940454006195
-0.016572680324316025
-0.17185267806053162
-0.08422629535198212
0.08298585563898087
-0.07005716860294342
-0.04288944602012634
0.07620862126350403
-0.19971176981925964
0.1741729974746704
0.016301995143294334
-0.08783651143312454
0.0015771877951920033
0.05710624158382416
-0.08540858328342438
-0.039887648075819016
0.18589991331100464
-0.23506660759449005
0.2079591006040573
0.165009543299675
0.028841931372880936
0.18928763270378113
0.09690161049365997
0.03672860562801361
0.058423835784196854
0.04485543817281723
-0.1265687793493271
-0.14399704337120056
-0.05080505833029747
-0.03916727006435394
0.07039611041545868
0.05188767611980438
