-0.08809282630681992
0.07641500979661942
-0.018806613981723785
-0.11185666918754578
-0.041187822818756104
-0.044417399913072586
-0.02866656705737114
-0.06824219226837158
0.10597534477710724
-0.059001073241233826
0.16831707954406738
-0.06335753947496414
-0.22731530666351318
-0.1771668642759323
-0.09876915067434311
0.07816733419895172
-0.13168713450431824
-0.052407197654247284
-0.19469155371189117
-0.10914745926856995
0.038901187479496
0.08387157320976257
0.09789919853210449
-0.03150241822004318
-0.19806525111198425
-0.28086352348327637
-0.08108246326446533
-0.10306304693222046
0.03026774153113365
-0.08430983871221542
-0.05220717191696167
0.07343097031116486
-0.23273713886737823
-0.09118968993425369
0.012940580025315285
0.12182934582233429
-0.04911655932664871
-0.05361498147249222
0.1899419128894806
0.07864014804363251
-0.13247139751911163
0.07017695903778076
0.08890024572610855
0.30633142590522766
0.2714765965938568
-0.013117189519107342
-0.0417550690472126
0.006505219265818596
0.13199365139007568
-0.2717144787311554
0.12408886849880219
0.11785705387592316
0.12146836519241333
0.07457320392131805
0.15906794369220734
-0.09838611632585526
0.03697250783443451
0.12904424965381622
-0.1530389040708542
0.0001657193060964346
0.033050455152988434
-0.09475257992744446
-0.06031881645321846
-0.05886328965425491
0.14684940874576569
0.07196973264217377
-0.11815395206212997
-0.07036019116640091
0.13450931012630463
-0.1298942267894745
0.0844222754240036
0.12006030231714249
-0.08066754788160324
-0.10216312855482101
-0.27607208490371704
0.13761693239212036
0.4566226899623871
0.20988504588603973
-0.10503494739532471
0.01764831133186817
-0.12803907692432404
-0.06923297792673111
0.03431155905127525
-0.02422674559056759
-0.12963832914829254
0.03311391547322273
-0.0793444812297821
0.09869512915611267
0.14365726709365845
-0.026286963373422623
-0.07183393836021423
0.23030626773834229
0.01780441775918007
-0.005452405661344528
0.05228889733552933
-0.0538509376347065
-0.1438167244195938
-0.06132270768284798
-0.06888467818498611
0.036143310368061066
0.09820982068777084
-0.2653256952762604
-0.0071861715987324715
0.07333846390247345
-0.13950273394584656
0.0872289389371872
0.020506160333752632
-0.06604009866714478
0.007477498613297939
-0.019643379375338554
-0.1061021164059639
-0.014712014235556126
0.11854464560747147
-0.28975969552993774
0.1717887669801712
0.12788638472557068
0.03502489626407623
0.1627316176891327
0.12644776701927185
0.07231909781694412
-0.017657607793807983
0.02898169308900833
-0.034781813621520996
-0.13662013411521912
0.0525621622800827
0.05160178616642952
0.13810022175312042
0.040206536650657654
