-0.04281162470579147
0.08247128129005432
-0.014501789584755898
-0.05550456792116165
-0.0009964901255443692
-0.025475019589066505
-0.015183305367827415
-0.12831784784793854
0.21059100329875946
-0.04982898756861687
0.10514932870864868
-0.029842639341950417
-0.24428445100784302
-0.09713832288980484
-0.025662554427981377
0.10505489259958267
-0.18599984049797058
-0.18251901865005493
-0.09277403354644775
-0.09819507598876953
-0.09426232427358627
0.03226522356271744
-0.009694073349237442
-0.01300575491040945
-0.1446867436170578
-0.35625147819519043
-0.09766746312379837
-0.12021756917238235
0.06027275323867798
-0.14733465015888214
-0.03484358265995979
0.03102830983698368
-0.212343230843544
-0.0786791667342186
0.03641601651906967
0.06218647584319115
-0.013141496106982231
-0.006062973756343126
0.1940041184425354
0.11788244545459747
-0.1387782245874405
0.022223688662052155
0.08559563755989075
0.31289684772491455
0.1337604820728302
0.05830075964331627
-0.02504475973546505
-0.024068031460046768
0.12479614466428757
-0.22338812053203583
0.112909235060215
0.16069607436656952
0.08800707757472992
0.0559479221701622
0.17296132445335388
-0.1885145604610443
-0.04399990662932396
0.02620823308825493
-0.19014140963554382
0.14618337154388428
0.08130091428756714
0.023211054503917694
-0.07290743291378021
-0.03747816011309624
0.1080360934138298
0.058048468083143234
-0.08767125010490417
-0.13136988878250122
0.09894879162311554
-0.20285576581954956
0.024697406217455864
0.012114446610212326
-0.03747081384062767
-0.1454327553510666
-0.3142583668231964
0.0569983646273613
0.31289422512054443
0.11019159108400345
-0.1030498817563057
0.027358997613191605
-0.019978949800133705
-0.12505125999450684
0.03493336960673332
0.004054094664752483
-0.10685446113348007
0.06249530613422394
-0.03661350533366203
0.03748094663023949
0.15210923552513123
0.05498392879962921
-0.00037098664324730635
0.1529422104358673
-0.12367783486843109
0.011306348256766796
-0.01636110618710518
0.06002563610672951
-0.17076265811920166
-0.011769749224185944
-0.07865335792303085
0.017895236611366272
0.08060435205698013
-0.1601734459400177
0.0037559899501502514
0.10401535779237747
-0.18875160813331604
0.0905638039112091
0.021646322682499886
-0.06857818365097046
-0.02256893366575241
0.10905636847019196
-0.15638022124767303
-0.06634994596242905
0.17881591618061066
-0.2897103428840637
0.2491251528263092
0.22815847396850586
-0.05223200470209122
0.059404388070106506
0.021483443677425385
0.014485795050859451
-0.008947850205004215
0.06393520534038544
-0.09460315853357315
-0.15130087733268738
-0.07533270865678787
-0.02694655954837799
-0.025988813489675522
0.038761626929044724
