-0.13182824850082397
0.1365952044725418
0.04757560044527054
-0.025575190782546997
-0.02568812668323517
-0.04090045765042305
-0.0176667682826519
-0.0005073854699730873
0.184739887714386
0.04551104083657265
0.2540742754936218
-0.022305462509393692
-0.2152039110660553
-0.003278324380517006
-0.07502838224172592
0.0962606891989708
-0.1940416395664215
0.013736835680902004
-0.07483471184968948
-0.08335021138191223
0.10257503390312195
0.08204462379217148
0.062125008553266525
0.015641607344150543
-0.07804575562477112
-0.3232209384441376
-0.04477085545659065
-0.17903244495391846
0.06947831064462662
-0.1444719135761261
-0.005882550030946732
-0.01846565492451191
-0.21728773415088654
-0.0794876217842102
-0.0020323628559708595
0.011902064085006714
-0.0033161379396915436
-0.020634472370147705
0.15969711542129517
-0.017343681305646896
-0.13935022056102753
0.05161232128739357
0.03464708477258682
0.2902068793773651
0.1592768132686615
0.00970153696835041
-0.04355200380086899
-0.012673333287239075
0.08182638138532639
-0.2542436420917511
0.15632329881191254
0.10785365849733353
0.1453278362751007
0.016054712235927582
0.09980256855487823
-0.1457667350769043
-0.05303563177585602
0.12272513657808304
-0.20191875100135803
0.11209837347269058
0.11279041320085526
-0.032709382474422455
-0.05629495531320572
-0.052014559507369995
0.1379065066576004
0.12952765822410583
-0.15619976818561554
-0.08334110677242279
0.0031191445887088776
-0.1050756573677063
0.06895767152309418
0.04751327633857727
-0.09332671016454697
-0.20880906283855438
-0.258955180644989
0.12497655302286148
0.37348443269729614
0.09806285798549652
-0.19221463799476624
0.03802775591611862
-0.11965042352676392
0.011456683278083801
0.0687534287571907
0.015322575345635414
-0.065191850066185
0.03398623317480087
-0.10398291796445847
0.06426562368869781
0.07632037252187729
-0.046065062284469604
-0.07028039544820786
0.21568724513053894
-0.10341814160346985
-0.017489753663539886
-0.011014779098331928
0.059717848896980286
-0.12262791395187378
-0.06690046936273575
-0.09355644136667252
0.011410921812057495
0.011952410452067852
-0.12910161912441254
-0.08741964399814606
0.017937779426574707
-0.18853691220283508
0.05831250175833702
0.03454933315515518
-0.024613680317997932
-0.004107991699129343
-0.003800357226282358
-0.10995110124349594
-0.02034631185233593
0.14993378520011902
-0.26177218556404114
0.2836979329586029
0.11910956352949142
-0.02099515125155449
0.20295897126197815
0.0494820810854435
0.031081436201930046
0.019229594618082047
0.0009562969207763672
-0.08266323804855347
-0.07396835088729858
0.05015884339809418
0.03578858822584152
0.061340030282735825
-0.007001843303442001
