-0.15064594149589539
0.22086112201213837
0.12374244630336761
-0.06683754920959473
-0.06124531477689743
-0.014791970141232014
-0.16274333000183105
-0.051521651446819305
0.11069837957620621
-0.01607562229037285
0.3214009702205658
-0.0281678456813097
-0.21154487133026123
-0.08035397529602051
-0.0048887585289776325
0.1360471546649933
-0.12913039326667786
-0.0723457857966423
-0.06555696576833725
-0.057431239634752274
0.07381156831979752
0.02663850039243698
0.027737203985452652
0.05789622291922569
-0.17275041341781616
-0.3750306963920593
-0.04301133751869202
-0.06444216519594193
-0.00901289563626051
-0.18573875725269318
0.07039199769496918
0.024858327582478523
-0.1880972534418106
-0.03099474310874939
-0.005715998355299234
0.06684401631355286
0.06722888350486755
0.0033781705424189568
0.13277144730091095
-0.041048333048820496
-0.15432767570018768
0.10901011526584625
0.09402385354042053
0.2658393085002899
0.17830897867679596
0.06396039575338364
0.06666763871908188
-0.03507860004901886
0.09139235317707062
-0.2106696516275406
0.09757373481988907
0.12356070429086685
0.1187443658709526
-0.01691487431526184
0.12878143787384033
-0.1422317624092102
-0.018321402370929718
0.14013777673244476
-0.17389686405658722
0.11001145839691162
0.10182467848062515
0.0219708364456892
-0.018541356548666954
-0.0045425910502672195
0.16878794133663177
0.0958976149559021
-0.12206006050109863
-0.11881524324417114
0.08453215658664703
-0.04747200757265091
-0.010221613571047783
0.08852074295282364
-0.10588251799345016
-0.18519757688045502
-0.26448702812194824
0.09783586859703064
0.35470643639564514
0.10214876383543015
-0.26951953768730164
0.04707659035921097
-0.08706744015216827
-0.0007502618245780468
0.004627447575330734
-0.06678658723831177
-0.0887828916311264
-0.07436136901378632
-0.1478377729654312
0.046685829758644104
0.2162676602602005
0.07568337023258209
0.010757730342447758
0.26295527815818787
0.024326516315340996
-0.05017642676830292
0.01285705529153347
0.07393983006477356
-0.16760943830013275
-0.037348147481679916
-0.13676930963993073
-0.05568075180053711
0.005684859585016966
-0.06779945641756058
-0.05762238800525665
0.06104489415884018
-0.25230827927589417
0.15342387557029724
0.01357406098395586
0.0029143886640667915
-0.03022724576294422
0.15479598939418793
-0.1259790062904358
-0.02326764352619648
0.15281710028648376
-0.24217243492603302
0.19805102050304413
0.14683638513088226
0.07121248543262482
0.12890911102294922
0.1485283225774765
0.06605854630470276
0.049043651670217514
-0.004994051530957222
-0.02746248058974743
-0.13829867541790009
0.020580416545271873
-0.06388074904680252
0.08556458353996277
0.059082210063934326
