-0.1232660561800003
0.04483423009514809
0.01536504365503788
-0.028406236320734024
-0.044299520552158356
-0.0887179747223854
-0.029470283538103104
-0.11455486714839935
0.08722499758005142
-0.05849194526672363
0.15623246133327484
-0.11749695241451263
-0.24177706241607666
-0.061100661754608154
-0.008264029398560524
0.15757879614830017
-0.14838716387748718
-0.11178117990493774
-0.08364499360322952
-0.10549037903547287
-0.0017210387159138918
-0.011818446218967438
0.012043958529829979
0.07447163015604019
-0.16511225700378418
-0.30214837193489075
-0.12426668405532837
-0.19943493604660034
-0.06000551953911781
0.002555116079747677
0.047884345054626465
0.04631472006440163
-0.1853611022233963
-0.021819433197379112
0.05130504444241524
0.06406083703041077
-0.03374486789107323
0.021904651075601578
0.2146254926919937
-0.002259942702949047
-0.11660793423652649
-0.07168201357126236
0.1057610958814621
0.24866259098052979
0.12951479852199554
0.064532071352005
0.07267223298549652
0.0036079762503504753
0.13399171829223633
-0.23190128803253174
0.01679406687617302
0.10112543404102325
0.13518759608268738
0.08058277517557144
0.14292016625404358
-0.1365738809108734
0.11106974631547928
0.15767675638198853
-0.27237391471862793
0.14410819113254547
0.03611934185028076
-0.05777766928076744
-0.03992588073015213
0.05111007019877434
0.2987935543060303
0.12289008498191833
-0.11807017028331757
-0.08076813817024231
0.20770254731178284
-0.1869732290506363
0.003972403705120087
0.09241507202386856
-0.1010412871837616
-0.22713004052639008
-0.3090918958187103
-0.019877880811691284
0.3884406089782715
0.1235719844698906
-0.13581933081150055
0.03878415375947952
0.004637044854462147
-0.043534860014915466
0.1336602419614792
0.03814338147640228
-0.09646064043045044
0.03067360818386078
-0.0679464340209961
0.05303534120321274
0.22983716428279877
-0.02436424419283867
-0.004931051284074783
0.21078497171401978
-0.041108667850494385
0.01502487063407898
0.004988469649106264
-0.020414715632796288
-0.03235717862844467
-0.04964793846011162
-0.0683760792016983
0.07033392786979675
0.01588331162929535
-0.0971778929233551
-0.0010196599178016186
-0.01333185937255621
-0.15890935063362122
0.0584573820233345
-0.025025349110364914
-0.03830575570464134
-0.19984591007232666
0.002975520445033908
-0.16016477346420288
0.05975744500756264
0.18476048111915588
-0.2976077198982239
0.22922462224960327
0.16382993757724762
-0.08073262125253677
0.0941770151257515
-0.00012092432007193565
-0.02555347979068756
0.002108093351125717
-0.08205410838127136
-0.14702358841896057
-0.08960133045911789
0.08445581048727036
-0.07569313049316406
0.08432735502719879
0.01784527860581875
