-0.16572453081607819
0.0756952315568924
-0.03527652844786644
-0.06554566323757172
-0.09872840344905853
-0.029766010120511055
-0.0887845829129219
-0.10284081846475601
0.1401139795780182
-0.0666140541434288
0.32989561557769775
-0.058643173426389694
-0.2177494764328003
-0.1320139318704605
0.004908679984509945
0.10512711107730865
-0.15479305386543274
-0.09444604814052582
-0.07735268771648407
-0.07703380286693573
0.027731014415621758
-0.1359693557024002
0.031106477603316307
0.08065284788608551
-0.21941784024238586
-0.3639388978481293
-0.11214655637741089
-0.12664130330085754
0.010439924895763397
-0.029539719223976135
0.0039831893518567085
0.051323968917131424
-0.19524693489074707
-0.12534654140472412
0.04681892693042755
0.1127002090215683
-0.022405480965971947
0.04494217038154602
0.1868811547756195
-0.09891458600759506
-0.10382116585969925
0.06353413313627243
0.0793006643652916
0.2515992224216461
0.1958397775888443
0.04730331152677536
0.101850226521492
-0.03034592792391777
0.11985854804515839
-0.27980872988700867
0.10280323028564453
0.13277176022529602
0.21046403050422668
0.035008251667022705
0.10425332933664322
-0.10532211512327194
-0.048461828380823135
0.24481932818889618
-0.15716131031513214
0.07459506392478943
0.0549914576113224
0.01596744731068611
-0.12364973872900009
-0.11118986457586288
0.27956336736679077
0.22109651565551758
-0.21639321744441986
-0.15121762454509735
0.14752422273159027
-0.07030834257602692
-0.007523953448981047
0.0931893065571785
-0.17056405544281006
-0.20676186680793762
-0.3099552392959595
0.10709337890148163
0.43904799222946167
0.12469887733459473
-0.18564696609973907
0.0023843934759497643
-0.13868483901023865
0.035909514874219894
-0.017775028944015503
-0.04133683443069458
-0.04855797439813614
-0.09922897815704346
-0.048965875059366226
0.049842339009046555
0.15173132717609406
-0.018407443538308144
-0.03424493223428726
0.14765334129333496
0.0016464609652757645
0.07268418371677399
-0.028173232451081276
0.05902179330587387
-0.1072544977068901
-0.04351895675063133
-0.10208560526371002
0.04948623105883598
-0.01715056225657463
-0.022406410425901413
0.018217457458376884
0.034829240292310715
-0.1500956416130066
0.1453888863325119
-0.018794288858771324
0.04068372771143913
-0.0141151687130332
0.072848841547966
-0.08569853007793427
-0.00823177956044674
0.11428392678499222
-0.37561652064323425
0.22926096618175507
0.14752350747585297
0.017480799928307533
0.136042058467865
0.08290047943592072
0.00311228446662426
0.047378234565258026
0.03655695170164108
-0.14657637476921082
-0.09080349653959274
0.01792546734213829
-0.08087924867868423
0.03430852293968201
0.0015064147301018238
