-0.11717897653579712
0.10388995707035065
-0.032802995294332504
0.012056957930326462
-0.028078928589820862
-0.0893208235502243
0.016841165721416473
-0.09652820229530334
0.21744468808174133
-0.05585487559437752
0.20186761021614075
0.07034838944673538
-0.14942842721939087
-0.08122969418764114
-0.0067726667039096355
0.10602313280105591
-0.16581055521965027
-0.14612454175949097
-0.07943099737167358
-0.08469946682453156
0.06594444066286087
0.028182754293084145
0.049268923699855804
0.04411369189620018
-0.18056727945804596
-0.28821390867233276
-0.08435675501823425
-0.08141690492630005
0.04838692769408226
-0.08888441324234009
0.030711974948644638
0.06481228768825531
-0.259607195854187
-0.07394979894161224
0.0313357338309288
0.03851313143968582
0.019604619592428207
0.011097801849246025
0.20796120166778564
0.013509897515177727
-0.1747381091117859
-0.005210398696362972
0.012631356716156006
0.2792147397994995
0.12963233888149261
0.10047157853841782
-0.010080993175506592
-0.07139889895915985
0.034176744520664215
-0.17892980575561523
0.10091303288936615
0.0901200994849205
0.12592124938964844
-0.024708375334739685
0.029567452147603035
-0.15957173705101013
0.0426429882645607
0.04267832264304161
-0.2307153195142746
-0.006848426535725594
0.05184626579284668
-0.126072958111763
-0.045664556324481964
0.026730334386229515
0.2464841604232788
0.09672656655311584
-0.0481453575193882
-0.048191748559474945
0.21294617652893066
-0.1424858272075653
-0.00891045294702053
0.03184209018945694
-0.015894584357738495
-0.19460797309875488
-0.3059108257293701
0.023348256945610046
0.4644468426704407
0.1614719182252884
-0.18832643330097198
0.09881823509931564
-0.07492230832576752
0.02480580285191536
0.12064724415540695
0.04436658322811127
-0.1776067018508911
0.044276319444179535
-0.13904793560504913
0.06693674623966217
0.18812215328216553
0.06054241210222244
-0.11069692671298981
0.1595597267150879
0.031269874423742294
0.010384301654994488
0.08889152854681015
-0.03250638395547867
-0.04529400169849396
-0.03286810219287872
-0.11368806660175323
-0.025980060920119286
0.059366654604673386
-0.014412644319236279
-0.011780225671827793
0.15130198001861572
-0.16217434406280518
0.10897576808929443
0.03337569907307625
-0.08953310549259186
-0.027962494641542435
0.09647130966186523
-0.0824744924902916
-0.10260622203350067
0.04042241349816322
-0.2697141170501709
0.19360466301441193
0.12597301602363586
-0.04875381663441658
0.2277812361717224
0.02622997760772705
0.09701041132211685
-0.020677313208580017
-0.02245626039803028
-0.16826747357845306
-0.0902404934167862
0.11536426842212677
-0.026633035391569138
0.21748444437980652
0.06284551322460175
