-0.09772682934999466
0.07364781200885773
-0.025537166744470596
-0.06276971846818924
0.04187639802694321
-0.020557720214128494
0.014517014846205711
-0.08156273514032364
0.18170997500419617
-0.07058963924646378
0.23744969069957733
-0.012716196477413177
-0.1504899561405182
-0.12675662338733673
0.023963337764143944
0.10086826980113983
-0.22558864951133728
-0.19438904523849487
-0.02381441369652748
-0.07292728126049042
0.04997268691658974
-0.08226482570171356
-0.05711688473820686
0.07225534319877625
-0.24119919538497925
-0.35010766983032227
-0.09217894077301025
-0.10021302849054337
0.021912727504968643
-0.14001727104187012
0.038779087364673615
0.10368631035089493
-0.2686018943786621
-0.043010927736759186
-0.028888147324323654
0.06418387591838837
0.03895299881696701
-0.02750188112258911
0.1624154895544052
0.062470149248838425
-0.12949618697166443
0.0022143651731312275
0.07755373418331146
0.31154510378837585
0.18810902535915375
0.0056248800829052925
-0.01190374605357647
0.00931098498404026
0.12863081693649292
-0.2160026729106903
0.07559605687856674
0.1355525404214859
0.09400054812431335
0.12268055975437164
0.035609178245067596
-0.11177438497543335
0.048664242029190063
0.06939370185136795
-0.18535929918289185
0.07097576558589935
0.0613744743168354
-0.036037005484104156
-0.007964828982949257
0.00982140563428402
0.16934426128864288
0.060181230306625366
-0.06137771159410477
-0.07430706173181534
0.191560298204422
-0.07460794597864151
-0.02297409623861313
-0.014829558320343494
-0.08804373443126678
-0.21306121349334717
-0.24200645089149475
0.11550740897655487
0.3366027772426605
0.17387381196022034
-0.16061030328273773
0.11009970307350159
-0.1114998459815979
-0.046889565885066986
0.0798022672533989
-0.030223717913031578
-0.07027269899845123
0.029970800504088402
-0.0952974408864975
0.0921681821346283
0.2346433848142624
0.12706740200519562
-0.017156094312667847
0.21519143879413605
-0.05966157466173172
-0.027401603758335114
0.09067436307668686
0.035948723554611206
-0.09439587593078613
0.04983320087194443
-0.17694799602031708
-0.0229167640209198
0.03366745263338089
-0.09745403379201889
-0.03046855702996254
0.11140403151512146
-0.215232253074646
0.1863371729850769
0.0805240273475647
0.007772416807711124
-0.027800310403108597
0.10244479775428772
-0.13764290511608124
-0.01791534572839737
0.08091676980257034
-0.2591235935688019
0.21202702820301056
0.15260028839111328
0.0791061520576477
0.15264908969402313
0.07946964353322983
0.039283424615859985
-0.0009161820635199547
-0.0705544501543045
-0.15938089787960052
-0.0637616515159607
0.06209390610456467
0.014027789235115051
0.05496187508106232
0.05987129732966423
