-0.16848823428153992
0.04315681755542755
0.0784299224615097
-0.04138397052884102
-0.12571664154529572
0.11419160664081573
-0.04881792888045311
-0.0720454752445221
0.12180240452289581
-0.17760512232780457
0.25775936245918274
-0.023053379729390144
-0.24796243011951447
-0.030899152159690857
0.011919169686734676
0.15625986456871033
-0.09605279564857483
-0.13703575730323792
-0.11558150500059128
-0.011211574077606201
-0.007478608284145594
-0.027132932096719742
-0.03967060521245003
-0.004649916663765907
-0.16861076653003693
-0.4071635901927948
-0.02876698412001133
-0.026858888566493988
0.030714847147464752
-0.045829251408576965
-0.06420698761940002
0.08262190967798233
-0.20870395004749298
-0.042317990213632584
0.029263556003570557
0.13971839845180511
-0.04588497057557106
0.0376388318836689
0.17632444202899933
0.037403687834739685
-0.23826941847801208
0.04661361873149872
0.060402918606996536
0.27157944440841675
0.11879578977823257
0.0464027002453804
0.030809294432401657
-0.044257812201976776
0.08828066289424896
-0.26784956455230713
0.058346398174762726
0.11747883260250092
0.1615220159292221
0.06215282157063484
0.0826883539557457
-0.1674361228942871
0.025323305279016495
0.126438170671463
-0.14885002374649048
0.08435681462287903
0.10080200433731079
-0.08057528734207153
0.0064130304381251335
-0.07738079130649567
0.2223311960697174
0.07678935676813126
-0.10888449102640152
-0.08702002465724945
0.16749392449855804
-0.02539764903485775
0.03319137915968895
0.06251072883605957
-0.13264743983745575
-0.2075439989566803
-0.27817752957344055
0.09035429358482361
0.4396575689315796
0.2072145789861679
-0.159284770488739
-0.024232719093561172
-0.041128892451524734
-0.029008787125349045
0.06869883090257645
0.05070630833506584
-0.0651460811495781
-0.020760267972946167
0.00022699963301420212
0.09046860039234161
0.18798577785491943
0.05706240236759186
0.013549204915761948
0.18251721560955048
0.038953639566898346
0.012549028731882572
0.006933540105819702
0.014316261745989323
-0.11117315292358398
-0.0545838437974453
-0.17341867089271545
-0.016156742349267006
-0.08070094138383865
-0.09256750345230103
0.08354554325342178
0.10549809783697128
-0.20443789660930634
0.17672720551490784
-0.017211314290761948
-0.011990189552307129
0.012582400813698769
0.11368449032306671
-0.07229361683130264
-0.009221093729138374
0.09077209234237671
-0.2704274654388428
0.1558428555727005
0.2089112550020218
0.09392144531011581
0.119733527302742
0.13161781430244446
0.01194065436720848
0.020755629986524582
0.03414309024810791
-0.17626328766345978
-0.09614770114421844
0.06026488542556763
-0.09091158211231232
0.09081863611936569
0.04582556337118149
